Best Hyperparameters:
l2_reg: 1e-06
dropout_rate: 0.0
use_batch_norm: False
learning_rate: 0.01
beta_1: 0.9232350084213812
beta_2: 0.9832240002993861
clipnorm: 2.0
